8
0 0
0 100
200 100
200 0
0 50
100 100
200 50
100 0

8
0 1
0 3
1 2
2 3
4 5
4 7
5 6
6 7

255
200,000000 100,000000
199,946549 101,650443
199,787293 103,287514
199,523879 104,910389
199,157956 106,518246
198,691169 108,110260
198,125166 109,685608
197,461594 111,243466
196,702099 112,783011
195,848330 114,303419
194,901934 115,803867
193,864556 117,283531
192,737845 118,741588
191,523448 120,177214
190,223011 121,589585
188,838182 122,977879
187,370608 124,341270
185,821935 125,678937
184,193812 126,990055
182,487885 128,273801
180,705801 129,529351
178,849207 130,755881
176,919751 131,952569
174,919079 133,118590
172,848839 134,253121
170,710678 135,355339
168,506243 136,424420
166,237180 137,459540
163,905138 138,459876
161,511762 139,424604
159,058701 140,352900
156,547601 141,243942
153,980110 142,096906
151,357874 142,910968
148,682541 143,685304
145,955757 144,419091
143,179171 145,111505
140,354428 145,761724
137,483176 146,368923
134,567063 146,932278
131,607734 147,450967
128,606838 147,924165
125,566022 148,351050
122,486932 148,730797
119,371215 149,062583
116,220519 149,345584
113,036491 149,578978
109,820778 149,761940
106,575028 149,893646
103,300886 149,973274
100,000000 150,000000
96,699114 149,973274
93,424972 149,893646
90,179222 149,761940
86,963509 149,578978
83,779481 149,345584
80,628785 149,062583
77,513068 148,730797
74,433978 148,351050
71,393162 147,924165
68,392266 147,450967
65,432937 146,932278
62,516824 146,368923
59,645572 145,761724
56,820829 145,111505
54,044243 144,419091
51,317459 143,685304
48,642126 142,910968
46,019890 142,096906
43,452399 141,243942
40,941299 140,352900
38,488238 139,424604
36,094862 138,459876
33,762820 137,459540
31,493757 136,424420
29,289322 135,355339
27,151161 134,253121
25,080921 133,118590
23,080249 131,952569
21,150793 130,755881
19,294199 129,529351
17,512115 128,273801
15,806188 126,990055
14,178065 125,678937
12,629392 124,341270
11,161818 122,977879
9,776989 121,589585
8,476552 120,177214
7,262155 118,741588
6,135444 117,283531
5,098066 115,803867
4,151670 114,303419
3,297901 112,783011
2,538406 111,243466
1,874834 109,685608
1,308831 108,110260
0,842044 106,518246
0,476121 104,910389
0,212707 103,287514
0,053451 101,650443
0,000000 100,000000

0,000000 0,000000
0,212707 -3,287514
0,842044 -6,518246
1,874834 -9,685608
3,297901 -12,783011
5,098066 -15,803867
7,262155 -18,741588
9,776989 -21,589585
12,629392 -24,341270
15,806188 -26,990055
19,294199 -29,529351
23,080249 -31,952569
27,151161 -34,253121
31,493757 -36,424420
36,094862 -38,459876
40,941299 -40,352900
46,019890 -42,096906
51,317459 -43,685304
56,820829 -45,111505
62,516824 -46,368923
68,392266 -47,450967
74,433978 -48,351050
80,628785 -49,062583
86,963509 -49,578978
93,424972 -49,893646
100,000000 -50,000000
106,575028 -49,893646
113,036491 -49,578978
119,371215 -49,062583
125,566022 -48,351050
131,607734 -47,450967
137,483176 -46,368923
143,179171 -45,111505
148,682541 -43,685304
153,980110 -42,096906
159,058701 -40,352900
163,905138 -38,459876
168,506243 -36,424420
172,848839 -34,253121
176,919751 -31,952569
180,705801 -29,529351
184,193812 -26,990055
187,370608 -24,341270
190,223011 -21,589585
192,737845 -18,741588
194,901934 -15,803867
196,702099 -12,783011
198,125166 -9,685608
199,157956 -6,518246
199,787293 -3,287514
200,000000 -0,000000


0,000000 100,000000
-3,287514 99,893646
-6,518246 99,578978
-9,685608 99,062583
-12,783011 98,351050
-15,803867 97,450967
-18,741588 96,368923
-21,589585 95,111505
-24,341270 93,685304
-26,990055 92,096906
-29,529351 90,352900
-31,952569 88,459876
-34,253121 86,424420
-36,424420 84,253121
-38,459876 81,952569
-40,352900 79,529351
-42,096906 76,990055
-43,685304 74,341270
-45,111505 71,589585
-46,368923 68,741588
-47,450967 65,803867
-48,351050 62,783011
-49,062583 59,685608
-49,578978 56,518246
-49,893646 53,287514
-50,000000 50,000000
-49,893646 46,712486
-49,578978 43,481754
-49,062583 40,314392
-48,351050 37,216989
-47,450967 34,196133
-46,368923 31,258412
-45,111505 28,410415
-43,685304 25,658730
-42,096906 23,009945
-40,352900 20,470649
-38,459876 18,047431
-36,424420 15,746879
-34,253121 13,575580
-31,952569 11,540124
-29,529351 9,647100
-26,990055 7,903094
-24,341270 6,314696
-21,589585 4,888495
-18,741588 3,631077
-15,803867 2,549033
-12,783011 1,648950
-9,685608 0,937417
-6,518246 0,421022
-3,287514 0,106354
0,000000 -0,000000


250,000000 50,000000
249,893646 53,287514
249,578978 56,518246
249,062583 59,685608
248,351050 62,783011
247,450967 65,803867
246,368923 68,741588
245,111505 71,589585
243,685304 74,341270
242,096906 76,990055
240,352900 79,529351
238,459876 81,952569
236,424420 84,253121
234,253121 86,424420
231,952569 88,459876
229,529351 90,352900
226,990055 92,096906
224,341270 93,685304
221,589585 95,111505
218,741588 96,368923
215,803867 97,450967
212,783011 98,351050
209,685608 99,062583
206,518246 99,578978
203,287514 99,893646
200,000000 100,000000

200,000000 -0,000000
203,287514 0,106354
206,518246 0,421022
209,685608 0,937417
212,783011 1,648950
215,803867 2,549033
218,741588 3,631077
221,589585 4,888495
224,341270 6,314696
226,990055 7,903094
229,529351 9,647100
231,952569 11,540124
234,253121 13,575580
236,424420 15,746879
238,459876 18,047431
240,352900 20,470649
242,096906 23,009945
243,685304 25,658730
245,111505 28,410415
246,368923 31,258412
247,450967 34,196133
248,351050 37,216989
249,062583 40,314392
249,578978 43,481754
249,893646 46,712486
250,000000 50,000000

250
0 1
1 2
2 3
3 4
4 5
5 6
6 7
7 8
8 9
9 10
10 11
11 12
12 13
13 14
14 15
15 16
16 17
17 18
18 19
19 20
20 21
21 22
22 23
23 24
24 25
25 26
26 27
27 28
28 29
29 30
30 31
31 32
32 33
33 34
34 35
35 36
36 37
37 38
38 39
39 40
40 41
41 42
42 43
43 44
44 45
45 46
46 47
47 48
48 49
49 50
50 51
51 52
52 53
53 54
54 55
55 56
56 57
57 58
58 59
59 60
60 61
61 62
62 63
63 64
64 65
65 66
66 67
67 68
68 69
69 70
70 71
71 72
72 73
73 74
74 75
75 76
76 77
77 78
78 79
79 80
80 81
81 82
82 83
83 84
84 85
85 86
86 87
87 88
88 89
89 90
90 91
91 92
92 93
93 94
94 95
95 96
96 97
97 98
98 99
99 100
101 102
102 103
103 104
104 105
105 106
106 107
107 108
108 109
109 110
110 111
111 112
112 113
113 114
114 115
115 116
116 117
117 118
118 119
119 120
120 121
121 122
122 123
123 124
124 125
125 126
126 127
127 128
128 129
129 130
130 131
131 132
132 133
133 134
134 135
135 136
136 137
137 138
138 139
139 140
140 141
141 142
142 143
143 144
144 145
145 146
146 147
147 148
148 149
149 150
150 151

152 153
153 154
154 155
155 156
156 157
157 158
158 159
159 160
160 161
161 162
162 163
163 164
164 165
165 166
166 167
167 168
168 169
169 170
170 171
171 172
172 173
173 174
174 175
175 176
176 177
177 178
178 179
179 180
180 181
181 182
182 183
183 184
184 185
185 186
186 187
187 188
188 189
189 190
190 191
191 192
192 193
193 194
194 195
195 196
196 197
197 198
198 199
199 200
200 201
201 202

203 204
204 205
205 206
206 207
207 208
208 209
209 210
210 211
211 212
212 213
213 214
214 215
215 216
216 217
217 218
218 219
219 220
220 221
221 222
222 223
223 224
224 225
225 226
226 227
227 228
228 229
229 230
230 231
231 232
232 233
233 234
234 235
235 236
236 237
237 238
238 239
239 240
240 241
241 242
242 243
243 244
244 245
245 246
246 247
247 248
248 249
249 250
250 251
251 252
252 253